% vector size: 2000, vector components: 1
c = [
 3.870080906377028e-05
 7.740161812754055e-05
 0.0001161024271913108
 0.0001548032362550811
 0.0001935040453188514
 0.0002322048543826217
 0.0002709056634463919
 0.0003096064725101622
 0.0003483072815739325
 0.0003870080906377027
 0.0004257088997014731
 0.0004644097087652433
 0.0005031105178290136
 0.0005418113268927839
 0.0005805121359565541
 0.0006192129450203244
 0.0006579137540840947
 0.000696614563147865
 0.0007353153722116353
 0.0007740161812754055
 0.0008127169903391758
 0.0008514177994029461
 0.0008901186084667163
 0.0009288194175304866
 0.000967520226594257
 0.001006221035658027
 0.001044921844721797
 0.001083622653785568
 0.001122323462849338
 0.001161024271913108
 0.001199725080976879
 0.001238425890040649
 0.001277126699104419
 0.001315827508168189
 0.00135452831723196
 0.00139322912629573
 0.0014319299353595
 0.001470630744423271
 0.001509331553487041
 0.001548032362550811
 0.001586733171614581
 0.001625433980678352
 0.001664134789742122
 0.001702835598805892
 0.001741536407869662
 0.001780237216933433
 0.001818938025997203
 0.001857638835060973
 0.001896339644124743
 0.001935040453188514
 0.001973741262252284
 0.002012442071316054
 0.002051142880379825
 0.002089843689443595
 0.002128544498507365
 0.002167245307571136
 0.002205946116634906
 0.002244646925698676
 0.002283347734762446
 0.002322048543826216
 0.002360749352889987
 0.002399450161953757
 0.002438150971017527
 0.002476851780081298
 0.002515552589145068
 0.002554253398208838
 0.002592954207272609
 0.002631655016336379
 0.002670355825400149
 0.002709056634463919
 0.00274775744352769
 0.00278645825259146
 0.00282515906165523
 0.002863859870719001
 0.002902560679782771
 0.002941261488846541
 0.002979962297910311
 0.003018663106974081
 0.003057363916037852
 0.003096064725101622
 0.003134765534165392
 0.003173466343229163
 0.003212167152292933
 0.003250867961356703
 0.003289568770420474
 0.003328269579484244
 0.003366970388548014
 0.003405671197611784
 0.003444372006675554
 0.003483072815739325
 0.003521773624803095
 0.003560474433866865
 0.003599175242930636
 0.003637876051994406
 0.003676576861058176
 0.003715277670121947
 0.003753978479185717
 0.003792679288249487
 0.003831380097313257
 0.003870080906377028
 0.003908781715440798
 0.003947482524504568
 0.003986183333568339
 0.004024884142632109
 0.004063584951695879
 0.00410228576075965
 0.004140986569823419
 0.004179687378887189
 0.00421838818795096
 0.00425708899701473
 0.0042957898060785
 0.004334490615142271
 0.004373191424206041
 0.004411892233269811
 0.004450593042333582
 0.004489293851397352
 0.004527994660461122
 0.004566695469524893
 0.004605396278588663
 0.004644097087652433
 0.004682797896716204
 0.004721498705779974
 0.004760199514843744
 0.004798900323907515
 0.004837601132971285
 0.004876301942035055
 0.004915002751098825
 0.004953703560162595
 0.004992404369226365
 0.005031105178290136
 0.005069805987353906
 0.005108506796417676
 0.005147207605481447
 0.005185908414545217
 0.005224609223608987
 0.005263310032672758
 0.005302010841736528
 0.005340711650800298
 0.005379412459864069
 0.005418113268927839
 0.005456814077991609
 0.00549551488705538
 0.00553421569611915
 0.00557291650518292
 0.00561161731424669
 0.00565031812331046
 0.00568901893237423
 0.005727719741438001
 0.005766420550501771
 0.005805121359565541
 0.005843822168629312
 0.005882522977693082
 0.005921223786756852
 0.005959924595820623
 0.005998625404884393
 0.006037326213948163
 0.006076027023011934
 0.006114727832075704
 0.006153428641139474
 0.006192129450203244
 0.006230830259267015
 0.006269531068330785
 0.006308231877394555
 0.006346932686458326
 0.006385633495522096
 0.006424334304585866
 0.006463035113649636
 0.006501735922713406
 0.006540436731777176
 0.006579137540840947
 0.006617838349904717
 0.006656539158968487
 0.006695239968032258
 0.006733940777096028
 0.006772641586159798
 0.006811342395223569
 0.006850043204287339
 0.006888744013351109
 0.00692744482241488
 0.00696614563147865
 0.00700484644054242
 0.007043547249606191
 0.007082248058669961
 0.007120948867733731
 0.007159649676797501
 0.007198350485861271
 0.007237051294925041
 0.007275752103988812
 0.007314452913052582
 0.007353153722116352
 0.007391854531180123
 0.007430555340243893
 0.007469256149307663
 0.007507956958371434
 0.007546657767435204
 0.007585358576498974
 0.007624059385562745
 0.007662760194626515
 0.007701461003690285
 0.007740161812754056
 0.007778862621817826
 0.007817563430881596
 0.007856264239945366
 0.007894965049009136
 0.007933665858072907
 0.007972366667136677
 0.008011067476200447
 0.008049768285264217
 0.008088469094327987
 0.008127169903391757
 0.008165870712455529
 0.008204571521519299
 0.008243272330583069
 0.008281973139646839
 0.008320673948710609
 0.008359374757774379
 0.008398075566838151
 0.008436776375901921
 0.008475477184965691
 0.008514177994029461
 0.008552878803093231
 0.008591579612157001
 0.008630280421220772
 0.008668981230284542
 0.008707682039348312
 0.008746382848412082
 0.008785083657475852
 0.008823784466539622
 0.008862485275603394
 0.008901186084667164
 0.008939886893730934
 0.008978587702794704
 0.009017288511858474
 0.009055989320922244
 0.009094690129986016
 0.009133390939049786
 0.009172091748113556
 0.009210792557177326
 0.009249493366241096
 0.009288194175304866
 0.009326894984368637
 0.009365595793432407
 0.009404296602496177
 0.009442997411559947
 0.009481698220623717
 0.009520399029687487
 0.009559099838751259
 0.009597800647815029
 0.009636501456878799
 0.009675202265942569
 0.009713903075006339
 0.009752603884070109
 0.009791304693133881
 0.009830005502197651
 0.009868706311261421
 0.009907407120325191
 0.009946107929388961
 0.009984808738452731
 0.0100235095475165
 0.01006221035658027
 0.01010091116564404
 0.01013961197470781
 0.01017831278377158
 0.01021701359283535
 0.01025571440189912
 0.01029441521096289
 0.01033311602002666
 0.01037181682909043
 0.0104105176381542
 0.01044921844721797
 0.01048791925628174
 0.01052662006534552
 0.01056532087440929
 0.01060402168347306
 0.01064272249253683
 0.0106814233016006
 0.01072012411066437
 0.01075882491972814
 0.01079752572879191
 0.01083622653785568
 0.01087492734691945
 0.01091362815598322
 0.01095232896504699
 0.01099102977411076
 0.01102973058317453
 0.0110684313922383
 0.01110713220130207
 0.01114583301036584
 0.01118453381942961
 0.01122323462849338
 0.01126193543755715
 0.01130063624662092
 0.01133933705568469
 0.01137803786474846
 0.01141673867381223
 0.011455439482876
 0.01149414029193977
 0.01153284110100354
 0.01157154191006731
 0.01161024271913108
 0.01164894352819485
 0.01168764433725862
 0.01172634514632239
 0.01176504595538616
 0.01180374676444993
 0.0118424475735137
 0.01188114838257747
 0.01191984919164125
 0.01195855000070502
 0.01199725080976879
 0.01203595161883256
 0.01207465242789633
 0.0121133532369601
 0.01215205404602387
 0.01219075485508764
 0.01222945566415141
 0.01226815647321518
 0.01230685728227895
 0.01234555809134272
 0.01238425890040649
 0.01242295970947026
 0.01246166051853403
 0.0125003613275978
 0.01253906213666157
 0.01257776294572534
 0.01261646375478911
 0.01265516456385288
 0.01269386537291665
 0.01273256618198042
 0.01277126699104419
 0.01280996780010796
 0.01284866860917173
 0.0128873694182355
 0.01292607022729927
 0.01296477103636304
 0.01300347184542681
 0.01304217265449058
 0.01308087346355435
 0.01311957427261812
 0.01315827508168189
 0.01319697589074566
 0.01323567669980943
 0.0132743775088732
 0.01331307831793697
 0.01335177912700075
 0.01339047993606452
 0.01342918074512829
 0.01346788155419206
 0.01350658236325583
 0.0135452831723196
 0.01358398398138337
 0.01362268479044714
 0.01366138559951091
 0.01370008640857468
 0.01373878721763845
 0.01377748802670222
 0.01381618883576599
 0.01385488964482976
 0.01389359045389353
 0.0139322912629573
 0.01397099207202107
 0.01400969288108484
 0.01404839369014861
 0.01408709449921238
 0.01412579530827615
 0.01416449611733992
